07/04/2022	15	16	24	31	56	4
07/02/2022	9	10	37	59	62	26
06/29/2022	8	40	49	58	63	14
06/27/2022	11	13	18	30	37	16
06/25/2022	6	12	20	27	32	4
06/22/2022	6	10	31	48	56	12
06/20/2022	3	44	61	63	69	13
06/18/2022	10	19	40	45	58	25
06/15/2022	19	28	41	42	51	7
06/13/2022	2	27	42	44	51	25
06/11/2022	18	20	26	53	69	5
06/08/2022	22	39	43	62	64	7
06/06/2022	2	10	35	44	46	4
06/04/2022	14	16	36	52	60	16
06/01/2022	11	41	56	57	63	2
05/30/2022	27	28	51	68	69	22
05/28/2022	2	39	50	61	66	15
05/25/2022	19	28	39	42	57	17
05/23/2022	1	33	37	39	42	26
05/21/2022	14	15	25	52	58	11
05/18/2022	40	41	58	64	65	17
05/16/2022	7	15	22	36	64	13
05/14/2022	6	40	41	45	52	9
05/11/2022	5	7	61	63	69	18
05/09/2022	18	30	35	52	56	5
05/07/2022	4	5	6	28	67	10
05/04/2022	37	39	55	63	69	23
05/02/2022	18	27	33	39	44	8
04/30/2022	14	21	37	44	63	1
04/27/2022	11	36	61	62	68	4
04/25/2022	12	18	20	39	61	10
04/23/2022	10	39	47	49	56	8
04/20/2022	20	30	45	55	56	14
04/18/2022	8	33	55	59	62	18
04/16/2022	15	21	32	62	65	26
04/13/2022	14	16	41	63	68	26
04/11/2022	5	7	24	31	34	4
04/09/2022	6	16	31	62	66	18
04/06/2022	6	42	45	47	64	18
04/04/2022	2	32	39	46	69	6
04/02/2022	6	28	47	58	59	18
03/30/2022	3	7	21	31	37	11
03/28/2022	11	18	39	58	62	3
03/26/2022	2	10	50	59	61	6
03/23/2022	31	32	37	38	48	24
03/21/2022	1	15	26	63	65	16
03/19/2022	8	9	18	48	52	6
03/16/2022	3	28	34	35	58	17
03/14/2022	21	28	32	44	49	6
03/12/2022	19	20	37	39	61	8
03/09/2022	13	22	34	51	67	10
03/07/2022	10	43	55	59	67	2
03/05/2022	8	23	37	52	63	13
03/02/2022	19	37	48	61	63	12
02/28/2022	7	21	39	47	55	19
02/26/2022	15	32	36	48	64	19
02/23/2022	6	17	21	35	64	18
02/21/2022	2	36	37	45	69	3
02/19/2022	3	10	15	33	42	11
02/16/2022	22	30	40	42	48	16
02/14/2022	16	25	27	49	55	17
02/12/2022	8	10	21	41	62	7
02/09/2022	2	17	33	51	63	26
02/07/2022	5	15	38	47	65	10
02/05/2022	5	16	27	39	61	24
02/02/2022	18	29	33	62	63	15
01/31/2022	10	15	51	61	69	14
01/29/2022	2	15	38	54	65	11
01/26/2022	4	11	38	49	69	16
01/24/2022	11	29	30	47	53	16
01/22/2022	8	14	33	36	67	17
01/19/2022	11	15	43	55	61	10
01/17/2022	9	24	35	46	65	22
01/15/2022	3	18	37	51	59	13
01/12/2022	12	21	22	30	33	24
01/10/2022	14	17	18	21	27	9
01/08/2022	20	21	36	60	65	13
01/05/2022	6	14	25	33	46	17
01/03/2022	2	13	32	33	48	22
01/01/2022	6	12	39	48	50	7
12/29/2021	2	6	9	33	39	11
12/27/2021	36	38	45	62	64	19
12/25/2021	27	29	45	55	58	2
12/22/2021	7	16	19	48	68	15
12/20/2021	2	13	23	34	66	2
12/18/2021	2	6	24	51	61	1
12/15/2021	19	20	40	42	59	15
12/13/2021	10	30	37	53	59	4
12/11/2021	3	25	44	53	64	10
12/08/2021	3	7	33	50	69	24
12/06/2021	3	21	38	50	59	6
12/04/2021	10	40	45	56	67	2
12/01/2021	12	15	38	57	63	24
11/29/2021	18	26	28	38	47	17
11/27/2021	8	32	55	64	66	10
11/24/2021	10	16	32	63	65	17
11/22/2021	7	20	29	38	67	22
11/20/2021	40	43	48	59	69	19
11/17/2021	3	16	48	52	60	1
11/15/2021	5	31	34	51	53	23
11/13/2021	8	15	26	35	45	9
11/10/2021	19	25	43	46	48	14
11/08/2021	21	46	47	57	62	8
11/06/2021	8	30	48	57	64	9
11/03/2021	1	2	24	50	57	26
11/01/2021	9	25	34	44	45	8
10/30/2021	5	23	28	43	56	19
10/27/2021	3	6	26	35	51	17
10/25/2021	10	27	29	44	58	24
10/23/2021	10	30	51	57	63	20
10/20/2021	7	29	36	41	43	5
10/18/2021	30	32	48	53	63	12
10/16/2021	30	31	41	42	48	3
10/13/2021	23	29	47	59	60	15
10/11/2021	11	20	33	39	65	24
10/09/2021	12	17	30	45	62	5
10/06/2021	1	17	52	58	64	1
10/04/2021	12	22	54	66	69	15
10/02/2021	28	38	42	47	52	1
09/29/2021	2	7	11	17	32	11
09/27/2021	21	22	39	44	60	12
09/25/2021	22	23	37	62	63	19
09/22/2021	20	40	47	55	63	5
09/20/2021	37	51	54	58	60	19
09/18/2021	5	36	39	45	57	11
09/15/2021	1	4	18	46	62	25
09/13/2021	37	40	50	61	63	21
09/11/2021	20	31	38	40	49	21
09/08/2021	9	22	41	47	61	21
09/06/2021	11	20	22	33	54	24
09/04/2021	32	35	40	52	54	1
09/01/2021	10	20	29	48	51	17
08/30/2021	3	15	45	51	61	8
08/28/2021	12	22	26	46	59	26
08/25/2021	27	39	54	56	59	24
08/23/2021	17	36	47	60	61	15
08/21/2021	16	28	36	39	59	4
08/18/2021	35	36	51	55	61	26
08/14/2021	6	21	49	65	67	18
08/11/2021	12	18	20	29	30	16
08/07/2021	7	24	36	54	60	23
08/04/2021	5	21	32	36	58	14
07/31/2021	1	21	22	34	47	4
07/28/2021	25	30	53	59	60	5
07/24/2021	1	4	11	59	67	10
07/21/2021	27	28	44	67	68	11
07/17/2021	15	22	38	54	66	3
07/14/2021	33	46	52	59	62	10
07/10/2021	1	5	29	54	62	3
07/07/2021	8	21	30	49	57	8
07/03/2021	26	40	41	55	65	24
06/30/2021	24	29	50	65	66	14
06/26/2021	8	31	39	43	60	17
06/23/2021	13	20	40	51	63	1
06/19/2021	4	22	35	38	39	20
06/16/2021	19	29	34	44	50	25
06/12/2021	8	25	34	38	41	10
06/09/2021	19	28	46	50	54	9
06/05/2021	44	52	54	64	69	26
06/02/2021	6	7	11	66	67	19
05/29/2021	11	13	22	27	46	20
05/26/2021	2	8	21	34	62	16
05/22/2021	3	19	27	37	40	8
05/19/2021	11	13	55	56	69	4
05/15/2021	4	10	37	39	69	24
05/12/2021	1	19	20	38	54	17
05/08/2021	12	17	20	21	26	8
05/05/2021	16	23	28	40	63	1
05/01/2021	35	36	47	61	63	3
04/28/2021	16	18	35	39	53	21
04/24/2021	22	36	48	59	61	22
04/21/2021	21	25	32	63	67	6
04/17/2021	10	21	26	41	49	25
04/14/2021	13	30	33	45	61	14
04/10/2021	14	16	23	50	53	3
04/07/2021	27	35	39	51	66	16
04/03/2021	1	12	17	39	53	5
03/31/2021	3	10	44	55	68	24
03/27/2021	6	14	38	39	65	6
03/24/2021	4	9	17	27	38	18
03/20/2021	1	6	22	42	61	4
03/17/2021	34	38	42	61	62	19
03/13/2021	5	11	51	56	61	2
03/10/2021	17	18	37	44	53	18
03/06/2021	11	31	50	52	58	18
03/03/2021	21	40	44	50	55	16
02/27/2021	2	28	31	44	52	18
02/24/2021	4	33	43	53	65	21
02/20/2021	4	8	22	32	58	4
02/17/2021	1	15	21	32	46	1
02/13/2021	20	28	33	63	68	20
02/10/2021	15	39	58	63	67	7
02/06/2021	1	16	48	49	65	8
02/03/2021	5	37	40	64	66	5
01/30/2021	1	2	7	52	61	4
01/27/2021	17	33	35	42	52	9
01/23/2021	5	8	17	27	28	14
01/20/2021	40	53	60	68	69	22
01/16/2021	14	20	39	65	67	2
01/13/2021	4	19	23	25	49	14
01/09/2021	14	26	38	45	46	13
01/06/2021	1	20	22	60	66	3
01/02/2021	3	4	11	41	67	5
12/30/2020	3	43	45	61	65	14
12/26/2020	10	24	27	35	53	18
12/23/2020	6	13	38	39	53	6
12/19/2020	27	32	34	43	52	13
12/16/2020	4	23	37	61	67	7
12/12/2020	17	54	56	63	69	20
12/09/2020	11	14	31	47	48	4
12/05/2020	3	4	6	48	53	10
12/02/2020	28	31	40	41	46	4
11/28/2020	8	12	18	44	51	18
11/25/2020	2	57	58	60	65	26
11/21/2020	51	54	57	60	69	11
11/18/2020	4	5	17	43	52	5
11/14/2020	7	15	18	32	45	20
11/11/2020	13	15	17	45	63	13
11/07/2020	14	16	37	48	58	18
11/04/2020	23	32	33	45	49	14
10/31/2020	2	6	40	42	55	24
10/28/2020	11	28	37	40	53	13
10/24/2020	18	20	27	45	65	6
10/21/2020	1	3	13	44	56	26
10/17/2020	6	10	31	37	44	23
10/14/2020	21	37	52	53	58	5
10/10/2020	5	18	23	40	50	18
10/07/2020	6	24	30	53	56	19
10/03/2020	18	31	36	43	47	20
09/30/2020	14	18	36	49	67	18
09/26/2020	11	21	27	36	62	24
09/23/2020	8	17	49	52	59	1
09/19/2020	11	14	23	47	57	14
09/16/2020	10	17	31	51	53	1
09/12/2020	16	17	20	53	67	4
09/09/2020	27	52	55	60	64	21
09/05/2020	15	21	22	27	47	7
09/02/2020	1	4	11	20	69	18
08/29/2020	5	21	22	29	43	10
08/26/2020	8	12	19	47	58	2
08/22/2020	19	30	36	42	66	14
08/19/2020	13	23	47	55	58	23
08/15/2020	5	12	34	45	56	3
08/12/2020	2	6	18	36	37	21
08/08/2020	2	3	14	40	51	24
08/05/2020	7	14	17	57	65	24
08/01/2020	6	25	36	43	48	24
07/29/2020	7	29	35	40	45	26
07/25/2020	5	21	36	61	62	18
07/22/2020	16	25	36	44	55	14
07/18/2020	13	16	32	58	59	9
07/15/2020	27	47	61	62	69	4
07/11/2020	14	19	61	62	64	4
07/08/2020	3	10	34	36	62	5
07/04/2020	16	21	27	60	61	6
07/01/2020	15	28	52	53	63	18
06/27/2020	9	36	49	56	62	8
06/24/2020	15	22	27	33	46	23
06/20/2020	10	31	41	63	67	5
06/17/2020	7	10	63	64	68	10
06/13/2020	2	12	32	50	65	5
06/10/2020	10	33	41	52	54	18
06/06/2020	1	17	38	68	69	18
06/03/2020	1	3	26	41	64	17
05/30/2020	13	32	41	58	60	14
05/27/2020	38	58	59	64	68	21
05/23/2020	2	8	18	21	23	16
05/20/2020	18	34	40	42	50	9
05/16/2020	8	12	26	39	42	11
05/13/2020	39	53	54	56	57	20
05/09/2020	12	18	42	48	65	19
05/06/2020	7	8	35	50	65	20
05/02/2020	13	16	33	58	68	24
04/29/2020	2	20	49	61	67	20
04/25/2020	1	3	21	47	57	18
04/22/2020	1	33	35	40	69	24
04/18/2020	4	44	46	56	63	19
04/15/2020	10	12	33	36	41	2
04/11/2020	22	29	30	42	47	17
04/08/2020	2	37	39	48	54	5
04/04/2020	8	31	39	40	43	4
04/01/2020	33	35	45	48	60	16
03/28/2020	7	40	48	55	66	11
03/25/2020	5	9	27	39	42	16
03/21/2020	2	23	40	59	69	13
03/18/2020	15	27	44	59	63	8
03/14/2020	9	23	26	30	32	8
03/11/2020	4	29	49	50	67	2
03/07/2020	7	15	21	33	62	23
03/04/2020	18	43	58	60	68	14
02/29/2020	24	44	46	50	51	13
02/26/2020	8	27	29	36	47	24
02/22/2020	25	37	39	61	62	11
02/19/2020	10	12	15	19	56	19
02/15/2020	16	32	35	36	46	3
02/12/2020	14	47	54	55	68	25
02/08/2020	35	49	50	59	66	6
02/05/2020	23	30	35	41	57	2
02/01/2020	12	33	54	57	60	13
01/29/2020	9	12	15	31	60	2
01/25/2020	2	9	17	36	67	18
01/22/2020	11	33	44	59	67	8
01/18/2020	20	24	38	56	68	18
01/15/2020	39	41	53	55	68	19
01/11/2020	3	21	23	31	59	3
01/08/2020	2	4	7	43	56	22
01/04/2020	1	11	21	25	54	7
01/01/2020	49	53	57	59	62	26
12/28/2019	20	23	39	59	60	18
12/25/2019	2	4	16	30	46	20
12/21/2019	19	31	35	50	67	14
12/18/2019	14	18	26	39	68	9
12/14/2019	3	6	12	32	64	19
12/11/2019	24	29	42	44	63	10
12/07/2019	18	42	53	62	66	25
12/04/2019	8	27	44	51	61	14
11/30/2019	15	35	42	63	68	18
11/27/2019	15	26	37	53	55	21
11/23/2019	28	35	38	61	66	23
11/20/2019	7	15	39	40	57	12
11/16/2019	14	22	26	55	63	26
11/13/2019	23	26	27	28	66	11
11/09/2019	14	17	35	38	60	25
11/06/2019	15	28	46	62	64	17
11/02/2019	3	23	32	37	58	22
10/30/2019	19	22	52	56	67	21
10/26/2019	3	20	48	54	59	4
10/23/2019	5	12	50	61	69	23
10/19/2019	14	27	29	59	65	12
10/16/2019	1	5	25	63	67	3
10/12/2019	12	29	34	53	65	23
10/09/2019	5	18	33	43	65	2
10/05/2019	6	14	36	51	54	4
10/02/2019	4	8	10	43	53	7
09/28/2019	15	23	34	51	55	4
09/25/2019	37	43	44	45	53	25
09/21/2019	1	9	22	36	68	22
09/18/2019	14	19	39	47	51	15
09/14/2019	11	27	31	36	67	11
09/11/2019	6	17	24	53	57	3
09/07/2019	11	20	41	42	56	6
09/04/2019	4	8	30	52	59	2
08/31/2019	14	41	50	56	57	18
08/28/2019	9	32	37	41	56	14
08/24/2019	5	12	20	21	47	1
08/21/2019	12	21	22	29	32	21
08/17/2019	18	21	24	30	60	20
08/14/2019	10	13	30	51	69	10
08/10/2019	35	41	44	58	59	3
08/07/2019	8	32	47	53	59	3
08/03/2019	3	6	45	66	68	13
07/31/2019	14	37	47	55	67	6
07/27/2019	1	19	31	48	61	6
07/24/2019	22	29	35	53	56	13
07/20/2019	5	26	36	64	69	19
07/17/2019	19	43	47	60	68	10
07/13/2019	13	23	32	35	68	21
07/10/2019	7	9	26	44	68	3
07/06/2019	4	8	23	46	65	1
07/03/2019	40	43	45	50	61	25
06/29/2019	13	17	24	59	62	8
06/26/2019	1	5	16	22	54	24
06/22/2019	3	6	11	14	66	21
06/19/2019	4	18	21	26	38	1
06/15/2019	8	11	14	16	49	14
06/12/2019	5	35	38	42	57	13
06/08/2019	9	13	42	48	60	18
06/05/2019	17	23	28	34	38	8
06/01/2019	6	15	34	45	52	8
05/29/2019	3	32	34	42	61	7
05/25/2019	1	2	39	43	66	2
05/22/2019	7	10	20	44	57	3
05/18/2019	2	10	25	66	67	26
05/15/2019	7	17	33	61	68	4
05/11/2019	6	8	9	37	40	26
05/08/2019	1	45	53	64	66	3
05/04/2019	6	16	23	30	61	2
05/01/2019	5	23	28	56	66	17
04/27/2019	2	29	41	45	62	6
04/24/2019	6	32	35	36	65	4
04/20/2019	3	27	30	63	65	1
04/17/2019	1	15	17	46	66	15
04/13/2019	4	17	26	32	49	10
04/10/2019	12	21	23	39	67	6
04/06/2019	15	33	43	59	60	8
04/03/2019	16	19	25	32	49	18
03/30/2019	21	52	54	64	68	4
03/27/2019	16	20	37	44	62	12
03/23/2019	24	25	52	60	66	5
03/20/2019	10	14	50	53	63	21
03/16/2019	30	34	39	53	67	11
03/13/2019	18	36	45	47	69	14
03/09/2019	5	6	45	55	59	14
03/06/2019	6	10	21	35	46	23
03/02/2019	1	19	25	27	68	21
02/27/2019	21	31	42	49	59	23
02/23/2019	4	6	14	20	32	13
02/20/2019	27	49	50	51	52	2
02/16/2019	29	30	41	48	64	1
02/13/2019	2	8	14	24	69	26
02/09/2019	1	2	3	7	39	25
02/06/2019	5	13	28	38	63	21
02/02/2019	10	17	18	43	65	13
01/30/2019	2	12	16	29	54	6
01/26/2019	8	12	20	21	32	10
01/23/2019	23	25	47	48	50	24
01/19/2019	5	8	41	65	66	20
01/16/2019	14	29	31	56	61	1
01/12/2019	7	36	48	57	58	24
01/09/2019	6	19	37	49	59	22
01/05/2019	3	7	15	27	69	19
01/02/2019	8	12	42	46	56	12
12/29/2018	12	42	51	53	62	25
12/26/2018	5	25	38	52	67	24
12/22/2018	21	28	30	40	59	26
12/19/2018	15	29	31	37	43	16
12/15/2018	8	38	43	52	55	17
12/12/2018	4	9	21	29	64	26
12/08/2018	14	32	34	46	61	10
12/05/2018	9	11	36	37	38	11
12/01/2018	10	11	47	55	58	26
11/28/2018	4	19	59	68	69	21
11/24/2018	11	33	51	56	58	18
11/21/2018	7	14	23	38	55	18
11/17/2018	6	8	20	52	68	5
11/14/2018	7	42	49	62	69	23
11/10/2018	5	29	34	53	57	24
11/07/2018	26	28	34	42	50	25
11/03/2018	15	21	24	32	65	11
10/31/2018	7	25	39	40	47	20
10/27/2018	8	12	13	19	27	4
10/24/2018	3	21	45	53	56	22
10/20/2018	16	54	57	62	69	23
10/17/2018	3	57	64	68	69	15
10/13/2018	11	14	32	43	65	15
10/10/2018	8	23	27	42	60	7
10/06/2018	1	22	27	53	67	15
10/03/2018	41	53	59	63	66	3
09/29/2018	9	17	34	59	64	22
09/26/2018	1	2	7	30	50	8
09/22/2018	24	61	63	64	69	18
09/19/2018	4	39	48	50	51	11
09/15/2018	2	18	19	24	34	3
09/12/2018	6	28	48	63	64	24
09/08/2018	3	13	20	32	33	21
09/05/2018	6	15	50	59	60	13
09/01/2018	11	54	55	61	66	9
08/29/2018	25	41	53	57	67	12
08/25/2018	20	25	54	57	63	8
08/22/2018	1	7	45	47	69	13
08/18/2018	24	34	52	61	67	16
08/15/2018	12	15	28	47	48	16
08/11/2018	5	43	56	62	68	24
08/08/2018	10	21	30	43	63	17
08/04/2018	3	11	38	44	58	2
08/01/2018	5	22	32	38	58	26
07/28/2018	22	27	46	56	65	13
07/25/2018	2	18	41	44	64	26
07/21/2018	9	23	56	58	68	1
07/18/2018	1	10	27	28	36	12
07/14/2018	22	41	42	49	67	11
07/11/2018	19	21	27	46	47	7
07/07/2018	1	10	43	45	64	22
07/04/2018	4	7	15	41	44	10
06/30/2018	3	9	20	42	61	24
06/27/2018	7	28	37	62	63	15
06/23/2018	16	29	43	45	56	25
06/20/2018	4	14	23	27	56	13
06/16/2018	9	45	57	58	65	9
06/13/2018	13	20	38	45	55	1
06/09/2018	6	10	15	25	36	14
06/06/2018	23	28	41	53	56	14
06/02/2018	23	25	37	44	64	7
05/30/2018	17	23	26	46	68	20
05/26/2018	1	21	31	45	49	21
05/23/2018	20	54	56	61	64	7
05/19/2018	3	6	9	17	56	25
05/16/2018	17	19	21	22	51	19
05/12/2018	22	42	45	55	56	14
05/09/2018	11	16	38	50	69	19
05/05/2018	14	29	36	57	61	17
05/02/2018	5	14	31	40	50	6
04/28/2018	20	22	28	45	50	8
04/25/2018	17	18	39	56	64	12
04/21/2018	40	50	54	62	69	19
04/18/2018	9	10	12	17	23	9
04/14/2018	17	19	26	61	62	15
04/11/2018	16	18	27	55	67	18
04/07/2018	2	17	20	38	39	20
04/04/2018	8	24	42	54	64	24
03/31/2018	8	24	52	55	61	21
03/28/2018	6	8	26	52	53	21
03/24/2018	10	33	45	53	56	24
03/21/2018	3	4	18	29	61	25
03/17/2018	22	57	59	60	66	7
03/14/2018	6	12	24	41	68	9
03/10/2018	43	44	54	61	69	22
03/07/2018	6	13	19	36	51	18
03/03/2018	13	17	25	36	40	5
02/28/2018	12	30	59	65	69	16
02/24/2018	24	25	38	62	63	6
02/21/2018	7	15	31	34	36	8
02/17/2018	13	26	39	44	62	2
02/14/2018	37	39	44	46	69	26
02/10/2018	1	13	27	41	59	20
02/07/2018	23	34	35	40	47	10
02/03/2018	15	23	27	48	53	6
01/31/2018	4	7	14	46	59	22
01/27/2018	17	21	26	47	54	7
01/24/2018	5	9	11	33	64	21
01/20/2018	26	28	47	49	58	3
01/17/2018	3	33	37	51	57	21
01/13/2018	14	25	35	58	69	24
01/10/2018	7	24	33	49	50	4
01/06/2018	12	29	30	33	61	26
01/03/2018	2	18	37	39	42	12
12/30/2017	28	36	41	51	58	24
12/27/2017	3	9	16	56	60	3
12/23/2017	1	3	13	15	44	25
12/20/2017	1	20	61	64	69	20
12/16/2017	9	35	37	50	63	11
12/13/2017	2	24	28	51	58	7
12/09/2017	25	36	37	55	60	6
12/06/2017	19	20	50	55	62	9
12/02/2017	28	30	32	36	58	6
11/29/2017	24	26	28	59	63	16
11/25/2017	8	13	27	53	54	4
11/22/2017	35	37	46	51	61	13
11/18/2017	17	28	31	32	39	26
11/15/2017	23	32	44	48	50	25
11/11/2017	4	6	16	30	56	18
11/08/2017	12	14	20	21	34	22
11/04/2017	12	14	26	48	51	13
11/01/2017	3	6	19	26	44	1
10/28/2017	27	35	38	57	66	10
10/25/2017	18	22	29	54	57	8
10/21/2017	14	41	42	45	69	4
10/18/2017	30	49	54	66	69	8
10/14/2017	32	37	56	66	69	11
10/11/2017	1	3	13	19	69	23
10/07/2017	10	49	61	63	65	7
10/04/2017	22	23	62	63	66	24
09/30/2017	8	12	25	41	64	15
09/27/2017	8	10	21	23	25	22
09/23/2017	24	45	55	56	57	19
09/20/2017	39	48	53	67	68	26
09/16/2017	17	18	24	25	31	24
09/13/2017	17	24	35	57	63	19
09/09/2017	6	20	29	57	59	22
09/06/2017	8	14	32	58	67	17
09/02/2017	6	21	41	52	62	26
08/30/2017	19	28	43	67	69	7
08/26/2017	7	15	32	38	66	15
08/23/2017	6	7	16	23	26	4
08/19/2017	17	19	39	43	68	13
08/16/2017	9	15	43	60	64	4
08/12/2017	20	24	26	35	49	19
08/09/2017	12	30	36	47	62	9
08/05/2017	11	21	28	33	45	11
08/02/2017	1	16	54	63	69	18
07/29/2017	1	28	40	45	48	12
07/26/2017	7	19	21	42	69	12
07/22/2017	5	32	44	53	60	9
07/19/2017	50	51	59	61	63	4
07/15/2017	9	40	63	64	66	17
07/12/2017	1	2	18	23	61	9
07/08/2017	8	10	29	40	59	26
07/05/2017	4	9	16	54	68	21
07/01/2017	19	42	45	48	53	16
06/28/2017	29	37	46	53	68	8
06/24/2017	10	22	32	36	58	10
06/21/2017	14	46	61	65	68	13
06/17/2017	10	13	32	53	62	21
06/14/2017	5	22	43	57	63	24
06/10/2017	20	26	32	38	58	3
06/07/2017	5	21	57	66	69	13
06/03/2017	3	9	21	41	54	25
05/31/2017	4	33	39	46	60	6
05/27/2017	5	10	28	55	67	9
05/24/2017	28	32	33	38	62	15
05/20/2017	5	22	45	47	54	3
05/17/2017	4	11	39	45	48	9
05/13/2017	17	20	32	63	68	19
05/10/2017	29	31	46	56	62	8
05/06/2017	11	21	31	41	59	21
05/03/2017	17	18	49	59	66	9
04/29/2017	22	23	24	45	62	5
04/26/2017	1	15	18	26	51	26
04/22/2017	21	39	41	48	63	6
04/19/2017	1	19	37	40	52	15
04/15/2017	5	22	26	45	61	13
04/12/2017	8	14	61	63	68	24
04/08/2017	23	36	51	53	60	15
04/05/2017	8	20	46	53	54	13
04/01/2017	9	32	36	44	65	1
03/29/2017	8	15	31	36	62	11
03/25/2017	18	31	32	45	48	16
03/22/2017	2	9	27	29	42	9
03/18/2017	13	25	44	54	67	5
03/15/2017	16	30	41	48	53	16
03/11/2017	1	26	41	50	57	11
03/08/2017	23	33	42	46	59	4
03/04/2017	2	18	19	22	63	19
03/01/2017	10	16	40	52	55	17
02/25/2017	6	32	47	62	65	19
02/22/2017	10	13	28	52	61	2
02/18/2017	3	7	9	31	33	20
02/15/2017	5	28	33	38	42	19
02/11/2017	5	9	17	37	64	2
02/08/2017	14	20	42	49	66	5
02/04/2017	6	13	16	17	52	25
02/01/2017	9	43	57	60	64	10
01/28/2017	12	20	39	49	69	17
01/25/2017	18	28	62	66	68	22
01/21/2017	23	25	45	52	67	2
01/18/2017	9	40	41	53	58	12
01/14/2017	23	55	59	64	69	13
01/11/2017	1	3	13	16	43	24
01/07/2017	3	12	24	37	63	10
01/04/2017	16	17	29	41	42	4
12/31/2016	1	3	28	57	67	9
12/28/2016	16	23	30	44	58	4
12/24/2016	28	38	42	51	52	21
12/21/2016	25	33	40	54	68	3
12/17/2016	1	8	16	40	48	10
12/14/2016	18	26	37	39	66	15
12/10/2016	12	21	32	44	66	15
12/07/2016	41	48	49	53	64	20
12/03/2016	8	10	26	27	33	22
11/30/2016	3	14	18	25	45	7
11/26/2016	17	19	21	37	44	16
11/23/2016	7	32	41	47	61	3
11/19/2016	16	24	28	43	61	21
11/16/2016	28	41	61	63	65	7
11/12/2016	8	17	20	27	52	24
11/09/2016	1	25	28	31	54	2
11/05/2016	21	31	50	51	69	8
11/02/2016	13	18	37	54	61	5
10/29/2016	19	20	21	42	48	23
10/26/2016	2	3	16	48	56	24
10/22/2016	1	28	33	55	56	22
10/19/2016	10	16	38	43	63	23
10/15/2016	23	49	57	64	67	20
10/12/2016	16	30	34	37	44	16
10/08/2016	3	54	61	64	68	9
10/05/2016	8	18	27	29	60	15
10/01/2016	2	12	50	61	64	1
09/28/2016	30	38	52	53	62	1
09/24/2016	7	15	20	29	41	22
09/21/2016	1	28	63	67	69	17
09/17/2016	9	19	51	55	62	14
09/14/2016	10	11	23	28	31	14
09/10/2016	3	17	49	55	68	8
09/07/2016	22	23	29	33	55	21
09/03/2016	7	39	50	59	67	25
08/31/2016	5	10	24	56	61	12
08/27/2016	4	32	48	49	63	20
08/24/2016	9	11	25	64	65	16
08/20/2016	3	6	21	60	68	24
08/17/2016	33	44	49	50	52	8
08/13/2016	38	44	60	64	69	6
08/10/2016	23	56	61	64	67	12
08/06/2016	20	33	36	47	52	12
08/03/2016	9	11	27	66	67	2
07/30/2016	11	17	21	23	32	5
07/27/2016	10	47	50	65	68	24
07/23/2016	5	7	23	35	39	11
07/20/2016	6	25	35	58	66	5
07/16/2016	11	17	40	50	62	26
07/13/2016	3	15	29	54	57	10
07/09/2016	10	28	32	61	64	12
07/06/2016	2	24	31	57	66	18
07/02/2016	10	34	39	59	63	4
06/29/2016	23	29	37	60	64	6
06/25/2016	3	27	36	56	69	25
06/22/2016	14	40	42	43	52	17
06/18/2016	2	23	41	53	63	11
06/15/2016	4	22	24	31	33	10
06/11/2016	20	27	36	41	58	7
06/08/2016	12	25	37	60	69	20
06/04/2016	16	20	22	43	64	17
06/01/2016	23	30	33	40	69	12
05/28/2016	6	33	34	58	59	12
05/25/2016	11	24	41	59	64	15
05/21/2016	5	7	9	23	32	26
05/18/2016	23	25	39	54	67	11
05/14/2016	13	27	47	64	65	9
05/11/2016	20	32	52	66	69	23
05/07/2016	5	25	26	44	66	9
05/04/2016	30	47	57	66	69	3
04/30/2016	3	12	16	32	34	14
04/27/2016	2	25	33	39	64	17
04/23/2016	19	35	46	59	62	13
04/20/2016	12	25	30	52	62	8
04/16/2016	3	18	25	32	51	3
04/13/2016	30	33	35	38	64	22
04/09/2016	14	22	23	41	61	9
04/06/2016	4	28	49	60	65	25
04/02/2016	9	28	30	40	61	3
03/30/2016	24	44	53	55	63	19
03/26/2016	11	23	42	52	68	6
03/23/2016	5	8	15	22	49	25
03/19/2016	11	23	43	54	60	3
03/16/2016	10	12	13	46	50	21
03/12/2016	11	28	50	57	62	23
03/09/2016	14	23	32	34	68	3
03/05/2016	3	27	34	59	69	19
03/02/2016	12	13	44	52	62	6
02/27/2016	10	11	21	22	53	18
02/24/2016	21	31	64	65	67	5
02/20/2016	11	12	15	16	54	25
02/17/2016	7	17	27	29	40	25
02/13/2016	7	15	18	19	36	20
02/10/2016	2	3	40	50	62	5
02/06/2016	4	13	31	36	52	8
02/03/2016	26	28	31	60	67	23
01/30/2016	5	12	16	31	43	18
01/27/2016	3	12	40	52	67	21
01/23/2016	22	32	34	40	69	19
01/20/2016	5	39	44	47	69	24
01/16/2016	3	51	52	61	64	6
01/13/2016	4	8	19	27	34	10
01/09/2016	16	19	32	34	57	13
01/06/2016	2	11	47	62	63	17
01/02/2016	5	6	15	29	42	10
12/30/2015	12	36	38	54	61	22
12/26/2015	27	40	44	59	65	20
12/23/2015	16	38	55	63	67	25
12/19/2015	28	30	41	59	68	10
12/16/2015	9	10	32	42	55	6
12/12/2015	2	14	19	30	62	22
12/09/2015	7	10	16	46	56	1
12/05/2015	13	27	33	47	68	13
12/02/2015	14	18	19	32	64	9
11/28/2015	2	6	47	66	67	2
11/25/2015	16	29	53	58	69	21
11/21/2015	37	47	50	52	57	21
11/18/2015	17	40	41	46	69	6
11/14/2015	14	22	37	45	66	5
11/11/2015	4	26	32	55	64	18
11/07/2015	7	16	25	50	53	15
11/04/2015	2	12	17	20	65	17
10/31/2015	9	20	25	47	68	7
10/28/2015	4	54	56	62	63	10
10/24/2015	20	31	56	60	64	2
10/21/2015	30	32	42	56	57	11
10/17/2015	48	49	57	62	69	19
10/14/2015	15	20	29	31	40	1
10/10/2015	12	27	29	43	68	1
10/07/2015	18	30	40	48	52	9
